[ 0.2015805   0.22253373 -0.32372433  0.34671628  0.45681736  0.17452964
 -0.16139814  0.10287818  0.01626023  0.37226415 -0.02373358 -0.01111386
  0.13615388  0.26106855 -0.253702    0.36083597 -0.06759556  0.3335217
 -0.30192313  0.2828149   0.12290768  0.1220651  -0.02241256 -0.31138584
 -0.23400699  0.33490416  0.06034543 -0.3385696   0.2621387   0.28942487
 -0.16569568  0.40578374 -0.01458807  0.15329088  0.18943007 -0.46935108
  0.09918395 -0.01374541  0.2378838   0.37237856 -0.01153594 -0.13856722
  0.26282826 -0.03826695  0.16697341 -0.2532084   0.31032568 -0.2118883
 -0.36583877 -0.174535    0.22863318 -0.09852735  0.11116619 -0.24243443
  0.32606342 -0.29987243  0.05340264 -0.24900673 -0.23284276  0.46389112
  0.17781721  0.3148493   0.29570702  0.0400935  -0.0548534  -0.37739754
  0.26342124  0.12863013 -0.20617746 -0.13997218 -0.02854102  0.41472375
  0.3192634  -0.11779338 -0.19936284 -0.25276497  0.04731703 -0.2347503
  0.10967557 -0.23312224 -0.17535631 -0.43981794 -0.3349033   0.08596468
  0.33149323 -0.07972342  0.00634026  0.0157866  -0.11919723 -0.22180165
 -0.3901988   0.11813826 -0.21010827  0.18264326 -0.39787847  0.0130525
  0.25412446  0.0927835  -0.07835466  0.13885124 -0.07161943 -0.24469961
 -0.14612997  0.05326413  0.01522469  0.29484826 -0.291025   -0.0691819
  0.21812826 -0.3280928   0.24279578  0.3181605  -0.25098377  0.2516182
  0.10607041 -0.21615104 -0.18586221  0.31604016 -0.27585265  0.00965439
 -0.06791524 -0.10740214  0.15566291 -0.16151561 -0.19197056 -0.20275852
 -0.0138284  -0.27845314 -0.23098938  0.11115047  0.27841762 -0.02861075
 -0.14645505  0.32464424 -0.21263815 -0.10251701 -0.31404015  0.15096483
 -0.27956378 -0.12370963  0.11136246  0.1403956  -0.11805914  0.10149604
 -0.02895176 -0.13000329  0.2646563  -0.3070487   0.13791753 -0.33972985
 -0.37944868 -0.2872243  -0.10952184 -0.11615933  0.18581995 -0.06551746
 -0.13827358 -0.29815155  0.4152737   0.3655407   0.3426815   0.22232226
  0.28414488 -0.25031215 -0.35215995  0.13496229  0.25756207  0.31911707
  0.285034   -0.32338062 -0.20659807  0.02862259  0.22335495  0.1970217
  0.0905844  -0.04780547  0.35461375  0.29855427 -0.32920113 -0.2983428
  0.13753058  0.29447883 -0.0943373  -0.05628201 -0.10634395 -0.33710814
  0.0454411   0.19897303  0.09565253  0.19855483  0.00105676  0.00934055
  0.26858565 -0.07263476 -0.4136878   0.28910056 -0.24269481  0.4652352
  0.19885883 -0.03047581 -0.1193736  -0.0076411   0.01676562 -0.09510046
  0.53499675 -0.13215348 -0.3197335  -0.15369362 -0.1311428  -0.09721443
 -0.00254952 -0.14536725 -0.01982467  0.01348079 -0.03932993  0.12105251
 -0.04047297 -0.04112267  0.35504374  0.2744438  -0.342138    0.27942863
  0.21623652 -0.25159156 -0.06551136 -0.01649794 -0.32965258  0.31129366
  0.16670796  0.04186617  0.03577708 -0.11567184 -0.048086    0.3696694
 -0.02833302 -0.04588367  0.30051267  0.20886213  0.10753622  0.14473982
 -0.40707624  0.05419167  0.17220446  0.21230163  0.16048147 -0.10060892
 -0.09214596 -0.18781814  0.34490794 -0.12156998  0.2055939  -0.3017077
 -0.31912005 -0.01813748  0.3962601   0.26218972 -0.09537423  0.18080187
  0.32304093 -0.08616447 -0.21827932 -0.01563177 -0.4000124   0.21418361
  0.24306145 -0.34274328 -0.25159657 -0.33023986 -0.2533924  -0.0144991
  0.176018    0.06465079  0.40444827 -0.07205106 -0.41623178  0.39889014
  0.08726029  0.2516882  -0.10433988 -0.03200986 -0.13268207 -0.1962914
  0.34701574 -0.22838695  0.15200466 -0.23918496 -0.12644415 -0.2179748
  0.1519277   0.14931972  0.26793763 -0.24944627 -0.09137631 -0.18759435
  0.249044   -0.31225586 -0.25080562 -0.34064436  0.0498443   0.14410283
  0.30508506 -0.18967274  0.34083065 -0.08254306  0.09124459 -0.18405181
 -0.13789429 -0.32915685 -0.22789153  0.08041432  0.39437088 -0.3438695
  0.18836269 -0.35941246  0.14597169  0.49630174 -0.26732016 -0.11287701
  0.14886269  0.04328605 -0.2996858   0.19567074  0.08980418 -0.28711596
  0.3497475   0.43085307 -0.31302392  0.2965662   0.3644676  -0.28259605
  0.3008715   0.29865515  0.25347802 -0.14510433  0.20586424 -0.0086604
  0.2512146   0.1760377  -0.05269113 -0.33092025  0.3120215  -0.24675559
 -0.24162634 -0.1955315   0.11411992 -0.3718908  -0.16412953  0.13948756
  0.08189666  0.07953709 -0.03063224  0.24935104 -0.11635256  0.16083124
 -0.02563126 -0.21675596 -0.16628088 -0.13760118  0.24651264 -0.04828732
  0.11463395 -0.28219128  0.09203159 -0.33567008 -0.22884354 -0.03010478
  0.04833269 -0.29030094 -0.16518897 -0.12674385  0.1204998  -0.18239129
 -0.00458637  0.13271153  0.30694276  0.1213311  -0.02846854  0.41562143
 -0.46147725 -0.25697005  0.08725139  0.00998286 -0.02106541  0.24183881]
